02|2360003540001|112|01|00|0.00|188.89|2350225898|MORENO TOLEDO  WELLINGTON ADRIAN|00|00|00|213|51|00|188.89|0.00|3304|3304|28/02/2023|28/02/2023
02|2360003540001|112|01|00|0.00|163.64|1723054340|MACIAS MARCILLO EDWIN LEONEL|00|00|00|213|51|00|163.64|0.00|3304|3304|28/02/2023|28/02/2023
02|2360003540001|112|01|00|0.00|327.27|1718968140|VERDEZOTO CARLOSAMA CARMEN ALEXANDRA|00|00|00|213|51|00|327.27|0.00|3304|3304|28/02/2023|28/02/2023
02|2360003540001|112|01|00|0.00|90.91|1716679640|VALLEJO VELEZ DANNY ERNESTO|00|00|00|213|51|00|90.91|0.00|3304|3304|28/02/2023|28/02/2023
02|2360003540001|112|01|00|0.00|154.55|1720329638|CAMACHO RODAS JORGE ORLANDO|00|00|00|213|51|00|154.55|0.00|3304|3304|28/02/2023|28/02/2023
02|2360003540001|112|01|00|0.00|163.64|1717811846|AQUINO MOLINA ANGEL PATRICIO|00|00|00|213|51|00|163.64|0.00|3304|3304|28/02/2023|28/02/2023
02|2360003540001|112|01|00|0.00|169.64|2300104078|FREIRE PAUCAR SANTIAGO RENE|00|00|00|213|51|00|169.64|0.00|3304|3304|28/02/2023|28/02/2023
02|2360003540001|112|01|00|85.60|0.00|1721458808|SARANGO ROSADO JONATHAN ASDRUVAL|00|00|00|111|03|00|0.00|85.60|4802|4802|01/02/2023|01/02/2023
02|2360003540001|112|01|00|1800.00|0.00|1718351404|HEREDIA PARRAGA LUIS ALBERTO|00|00|00|111|03|00|0.00|1800.00|3217|3217|16/02/2023|16/02/2023
02|2360003540001|112|01|00|0.00|545.45|1712087665|ESCUDERO JURADO ALEXIS JULIAN|00|00|00|213|51|00|545.45|0.00|3304|3304|28/02/2023|28/02/2023
02|2360003540001|112|01|00|0.00|90.91|1715361711|DIAZ HOLGUIN ENRIQUE|00|00|00|213|51|00|90.91|0.00|3304|3304|28/02/2023|28/02/2023
02|2360003540001|112|01|00|0.00|163.64|1716671084|VERDEZOTO SOLIS KLEBER ELOY|00|00|00|213|51|00|163.64|0.00|3304|3304|28/02/2023|28/02/2023
02|2360003540001|112|01|00|0.00|171.55|1721458808|SARANGO ROSADO JONATHAN ASDRUVAL|00|00|00|213|51|00|171.55|0.00|3304|3304|28/02/2023|28/02/2023
02|2360003540001|112|01|00|0.00|180.00|1718351404|HEREDIA PARRAGA LUIS ALBERTO|00|00|00|213|51|00|180.00|0.00|3304|3304|28/02/2023|28/02/2023
02|2360003540001|112|01|00|0.00|90.91|1713684320|FARIAS BRIONES PAUL DIEGO|00|00|00|213|51|00|90.91|0.00|3304|3304|28/02/2023|28/02/2023
02|2360003540001|112|01|00|0.00|87.00|1712940160|MUÑOZ ANDRADE HERMEL ALFREDO|00|00|00|213|51|00|87.00|0.00|3304|3304|28/02/2023|28/02/2023
02|2360003540001|112|01|00|0.00|169.64|1721460309|ALVARADO ZAMBRANO ANDRES MARCELO|00|00|00|213|51|00|169.64|0.00|3304|3304|28/02/2023|28/02/2023
02|2360003540001|112|01|00|184.00|0.00|1712940160|MUÑOZ ANDRADE HERMEL ALFREDO|00|00|00|111|03|00|0.00|184.00|4806|4806|28/02/2023|28/02/2023
02|2360003540001|112|01|00|1700.00|0.00|1804309571|PAZMIÑO ORELLANA JORGE LUIS|00|00|00|111|03|00|0.00|1700.00|3210|3210|16/02/2023|16/02/2023
02|2360003540001|112|01|00|309.35|0.00|1312584467|ROSADO ALCIVAR JORGE JAVIER|00|00|00|111|03|00|0.00|309.35|4841|4841|28/02/2023|28/02/2023
02|2360003540001|112|01|00|0.00|163.64|1722567128|VARGAS ARELLANO ROBERTH XAVIER|00|00|00|213|51|00|163.64|0.00|3304|3304|28/02/2023|28/02/2023
02|2360003540001|112|01|00|0.00|163.64|1722034640|CEDEÑO CHICAIZA GABRIEL ALBERTO|00|00|00|213|51|00|163.64|0.00|3304|3304|28/02/2023|28/02/2023
02|2360003540001|112|01|00|0.00|270.00|1719541706|ASANZA SALAZAR MANUEL FRANCISCO|00|00|00|213|51|00|270.00|0.00|3304|3304|28/02/2023|28/02/2023
02|2360003540001|112|01|00|0.00|545.45|0703099994|SANCHEZ TANDAZO DIMA YESENIA|00|00|00|213|51|00|545.45|0.00|3304|3304|28/02/2023|28/02/2023
02|2360003540001|112|01|00|0.00|912.50|1717124661|MORA MIÑACA JAIME ROBERTO|00|00|00|213|51|00|912.50|0.00|3304|3304|28/02/2023|28/02/2023
02|2360003540001|112|01|00|0.00|636.36|1711022416|PARRA CHAVEZ HUGO JAVIER|00|00|00|213|51|00|636.36|0.00|3304|3304|28/02/2023|28/02/2023
02|2360003540001|112|01|00|0.00|150.00|2300137664|QUINTANA CALDERON KATIUSCA ELIZABETH|00|00|00|213|51|00|150.00|0.00|3303|3303|28/02/2023|28/02/2023
02|2360003540001|112|01|00|0.00|116.67|2350027971|CISNEROS ALVAREZ KARINA LISBETH|00|00|00|213|51|00|116.67|0.00|3304|3304|28/02/2023|28/02/2023
02|2360003540001|112|01|00|0.00|245.45|1714603311|FALCONES PEÑARRIETA NERY YOVANNY|00|00|00|213|51|00|245.45|0.00|3304|3304|28/02/2023|28/02/2023
02|2360003540001|112|01|00|0.00|159.55|2300666134|AGREDA PORTILLO JORDY DAVID|00|00|00|213|51|00|159.55|0.00|3304|3304|28/02/2023|28/02/2023
02|2360003540001|112|01|00|0.00|300.00|1312510603|GUADAMUD GILER JOEL ARMANDO|00|00|00|213|51|00|300.00|0.00|3304|3304|28/02/2023|28/02/2023
02|2360003540001|112|01|00|0.00|327.27|1722281787|YEPEZ PAREDES PAOLA BELEN|00|00|00|213|51|00|327.27|0.00|3303|3303|28/02/2023|28/02/2023
02|2360003540001|112|01|00|0.00|327.27|1723108930|HALLO SILVA CHRISTIAN ISRAEL|00|00|00|213|51|00|327.27|0.00|3304|3304|28/02/2023|28/02/2023
02|2360003540001|112|01|00|0.00|169.09|1720615739|MOROCHO LOOR WILSON FRANCISCO|00|00|00|213|51|00|169.09|0.00|3304|3304|28/02/2023|28/02/2023
02|2360003540001|112|01|00|0.00|159.09|1724203631|COBEÑA ECHEVERRIA DARLY DAMIAN|00|00|00|213|51|00|159.09|0.00|3304|3304|28/02/2023|28/02/2023
02|2360003540001|112|01|00|0.00|539.50|1312530551|PINARGOTE MENDOZA GEMA GRACIELA|00|00|00|213|71|00|539.50|0.00|3212|3212|13/02/2023|13/02/2023
02|2360003540001|112|01|00|0.00|385.09|0802759738|ZAMBRANO OBANDO CARLOS ALFREDO|00|00|00|213|51|00|385.09|0.00|3304|3304|28/02/2023|28/02/2023
02|2360003540001|112|01|00|0.00|169.09|1723057947|CRESPO GONZALEZ PAUL GONZALO|00|00|00|213|51|00|169.09|0.00|3304|3304|28/02/2023|28/02/2023
02|2360003540001|112|01|00|87.00|0.00|1712940160|MUÑOZ ANDRADE HERMEL ALFREDO|00|00|00|111|03|00|0.00|87.00|4840|4840|28/02/2023|28/02/2023
02|2360003540001|112|01|00|0.00|136.36|1314935931|ARAY SANCHEZ JORGE FERNANDO|00|00|00|213|51|00|136.36|0.00|3304|3304|28/02/2023|28/02/2023
02|2360003540001|112|01|00|388.51|0.00|1312584467|ROSADO ALCIVAR JORGE JAVIER|00|00|00|111|03|00|0.00|388.51|4805|4805|01/02/2023|01/02/2023
02|2360003540001|112|01|00|0.00|163.64|1725069601|SUAREZ VILLACRES CRISTIAN ROBERTO|00|00|00|213|51|00|163.64|0.00|3304|3304|28/02/2023|28/02/2023
02|2360003540001|112|01|00|0.00|180.00|1718661174|CUASAPAS BERMEO EDWIN FERNANDO|00|00|00|213|51|00|180.00|0.00|3304|3304|28/02/2023|28/02/2023
02|2360003540001|112|01|00|1800.00|0.00|1725069601|SUAREZ VILLACRES CRISTIAN ROBERTO|00|00|00|111|03|00|0.00|1800.00|3200|3200|16/02/2023|16/02/2023
02|2360003540001|112|01|00|0.00|180.00|2300603129|MOROCHO PINTO GABRIELA MISHELLE|00|00|00|213|51|00|180.00|0.00|3304|3304|28/02/2023|28/02/2023
02|2360003540001|112|01|00|0.00|120.00|1715174965|PAUCAR ANDRANGO FRANKLIN ERIBERTO|00|00|00|213|51|00|120.00|0.00|3304|3304|28/02/2023|28/02/2023
02|2360003540001|112|01|00|0.00|163.64|1726214404|CUENCA HIDROVO JONATHAN RICARDO|00|00|00|213|51|00|163.64|0.00|3304|3304|28/02/2023|28/02/2023
02|2360003540001|112|01|00|0.00|385.09|1723277719|ANZULES SOLIZ EDINSON DANIEL|00|00|00|213|51|00|385.09|0.00|3304|3304|28/02/2023|28/02/2023
02|2360003540001|112|01|00|0.00|150.00|1715179717|SAMANIEGO DOMINGUEZ ANA VALERIA|00|00|00|213|51|00|150.00|0.00|3304|3304|28/02/2023|28/02/2023
02|2360003540001|112|01|00|0.00|180.00|1720951308|GUANIN YANCHAPAXI PAUL BOLIVAR|00|00|00|213|51|00|180.00|0.00|3304|3304|28/02/2023|28/02/2023
02|2360003540001|112|01|00|0.00|163.64|1718289273|CRUZ ROSERO DIEGO FERNANDO|00|00|00|213|51|00|163.64|0.00|3304|3304|28/02/2023|28/02/2023
02|2360003540001|112|01|00|0.00|109.79|0915014575|ANDRADE MENDEZ JHON GINO|00|00|00|213|51|00|109.79|0.00|3304|3304|28/02/2023|28/02/2023
02|2360003540001|112|01|00|1000.00|0.00|1713684320|FARIAS BRIONES PAUL DIEGO|00|00|00|111|03|00|0.00|1000.00|3216|3216|16/02/2023|16/02/2023
02|2360003540001|112|01|00|0.00|169.64|2300602857|GONZALEZ PACHECO EDWIN JAVIER|00|00|00|213|51|00|169.64|0.00|3304|3304|28/02/2023|28/02/2023
02|2360003540001|112|01|00|0.00|330.55|1723145171|LAPO LALANGUI DIANA ELIZABETH|00|00|00|213|51|00|330.55|0.00|3304|3304|28/02/2023|28/02/2023
02|2360003540001|112|01|00|0.00|163.64|1718796491|EGAS ROJAS JAIME WILSON|00|00|00|213|51|00|163.64|0.00|3304|3304|28/02/2023|28/02/2023
02|2360003540001|112|01|00|0.00|272.73|1721455473|RODRIGUEZ HINOJOSA IVAN JHESMANY|00|00|00|213|51|00|272.73|0.00|3304|3304|28/02/2023|28/02/2023
02|2360003540001|112|01|00|0.00|90.91|1719267872|LOPEZ ROJAS CRISTHIAN ROLANDO|00|00|00|213|51|00|90.91|0.00|3304|3304|28/02/2023|28/02/2023
02|2360003540001|112|01|00|0.00|254.55|2300075930|PAZOS CASTILLO DIANA CAROLINA|00|00|00|213|51|00|254.55|0.00|3304|3304|28/02/2023|28/02/2023
02|2360003540001|112|01|00|1800.00|0.00|1717811846|AQUINO MOLINA ANGEL PATRICIO|00|00|00|111|03|00|0.00|1800.00|3204|3204|16/02/2023|16/02/2023
02|2360003540001|112|01|00|0.00|154.55|1721502324|CORONADO GAROFALO FRANZ ALEXANDER|00|00|00|213|51|00|154.55|0.00|3304|3304|28/02/2023|28/02/2023
02|2360003540001|112|01|00|0.00|295.45|1719617191|CHONILLO TUAREZ YAJAIRA MARIEL|00|00|00|213|51|00|295.45|0.00|3304|3304|28/02/2023|28/02/2023
02|2360003540001|112|01|00|0.00|181.82|1722356019|MOLINA VERA SANDRA ESTEFANIA|00|00|00|213|51|00|181.82|0.00|3304|3304|28/02/2023|28/02/2023
02|2360003540001|112|01|00|0.00|163.64|1723572341|ANDRADE RODRIGUEZ DIEGO ALFONSO|00|00|00|213|51|00|163.64|0.00|3304|3304|28/02/2023|28/02/2023
02|2360003540001|112|01|00|0.00|170.00|1721242459|JAYA CHUNGANDRO VICTOR HUGO|00|00|00|213|51|00|170.00|0.00|3304|3304|28/02/2023|28/02/2023
02|2360003540001|112|01|00|0.00|136.36|1716324015|COQUE MADRID CRISTIAN GEOVANNY|00|00|00|213|51|00|136.36|0.00|3304|3304|28/02/2023|28/02/2023
02|2360003540001|112|01|00|0.00|180.00|2300106156|RAMIREZ RAMIREZ MIGUEL ANGEL|00|00|00|213|51|00|180.00|0.00|3304|3304|28/02/2023|28/02/2023
02|2360003540001|112|01|00|0.00|136.36|1722237094|CANO PLUAS VERONICA GISSELA|00|00|00|213|51|00|136.36|0.00|3304|3304|28/02/2023|28/02/2023
02|2360003540001|112|01|00|1500.00|0.00|1715179717|SAMANIEGO DOMINGUEZ ANA VALERIA|00|00|00|111|03|00|0.00|1500.00|3214|3214|16/02/2023|16/02/2023
02|2360003540001|112|01|00|0.00|394.35|1312584467|ROSADO ALCIVAR JORGE JAVIER|00|00|00|213|51|00|394.35|0.00|3304|3304|28/02/2023|28/02/2023
02|2360003540001|112|01|00|539.50|0.00|1312530551|PINARGOTE MENDOZA GEMA GRACIELA|00|00|00|111|03|00|0.00|539.50|3211|3211|01/02/2023|01/02/2023
02|2360003540001|112|01|00|0.00|170.00|1804309571|PAZMIÑO ORELLANA JORGE LUIS|00|00|00|213|51|00|170.00|0.00|3304|3304|28/02/2023|28/02/2023
02|2360003540001|112|01|00|0.00|170.00|1716010663|VITERI NIETO JORGE GERARDO|00|00|00|213|51|00|170.00|0.00|3304|3304|28/02/2023|28/02/2023
02|2360003540001|112|01|00|0.00|245.45|1721389326|INTRIAGO AGUILAR LUIS ALFREDO|00|00|00|213|51|00|245.45|0.00|3304|3304|28/02/2023|28/02/2023
02|2360003540001|112|01|00|0.00|163.64|1715441117|YANEZ MARIN MARCOS VLADIMIR|00|00|00|213|51|00|163.64|0.00|3304|3304|28/02/2023|28/02/2023
02|2360003540001|112|01|00|1800.00|0.00|1718661174|CUASAPAS BERMEO EDWIN FERNANDO|00|00|00|111|03|00|0.00|1800.00|3213|3213|16/02/2023|16/02/2023
02|2360003540001|112|01|00|0.00|159.55|1718966607|YANZA PAGUAY PABLO ENRIQUE|00|00|00|213|51|00|159.55|0.00|3304|3304|28/02/2023|28/02/2023
02|2360003540001|112|01|00|12.00|0.00|1721458808|SARANGO ROSADO JONATHAN ASDRUVAL|00|00|00|111|03|00|0.00|12.00|4839|4839|01/02/2023|01/02/2023
02|2360003540001|112|01|00|0.00|163.64|1715661110|MARTINEZ GRANDA JORGE FAVIAN|00|00|00|213|51|00|163.64|0.00|3304|3304|28/02/2023|28/02/2023
02|2360003540001|112|01|00|0.00|163.64|1716093859|CORONEL LUZURIAGA EDGAR IVAN|00|00|00|213|51|00|163.64|0.00|3304|3304|28/02/2023|28/02/2023
02|2360003540001|112|01|00|0.00|309.09|2300119225|PANTOJA TAPIA ALEX GEOVANNY|00|00|00|213|51|00|309.09|0.00|3303|3303|28/02/2023|28/02/2023
02|2360003540001|112|01|00|0.00|200.00|1302642986|RIVERA GANCHOSO QUINTO FRANCISCO|00|00|00|213|51|00|200.00|0.00|3304|3304|28/02/2023|28/02/2023
02|2360003540001|112|01|00|0.00|381.82|1715949200|SALGADO CORDOVA PASTOR IVAN|00|00|00|213|51|00|381.82|0.00|3304|3304|28/02/2023|28/02/2023
02|2360003540001|112|01|00|85.00|0.00|1312584467|ROSADO ALCIVAR JORGE JAVIER|00|00|00|111|03|00|0.00|85.00|3090|3090|09/02/2023|09/02/2023
02|2360003540001|112|01|00|0.00|545.45|2300585839|FIALLO TORRES ENZO RAUL|00|00|00|213|51|00|545.45|0.00|3304|3304|28/02/2023|28/02/2023
02|2360003540001|112|01|00|0.00|159.09|1719610105|CHACON PORTILLO EDWIN ROBERTO|00|00|00|213|51|00|159.09|0.00|3304|3304|28/02/2023|28/02/2023
02|2360003540001|112|01|00|0.00|186.00|1720566494|ORDOÑEZ VERA JAZMIN CRISTINA|00|00|00|213|51|00|186.00|0.00|3304|3304|28/02/2023|28/02/2023
02|2360003540001|112|01|00|0.00|163.64|1724277452|CHEME ALQUEDAN DIEGO GEOVANI|00|00|00|213|51|00|163.64|0.00|3304|3304|28/02/2023|28/02/2023
02|2360003540001|112|01|00|0.00|90.91|1900175108|TORRES PALACIOS LUIS ALFREDO|00|00|00|213|51|00|90.91|0.00|3304|3304|28/02/2023|28/02/2023
02|2360003540001|112|01|00|77.05|0.00|1712940160|MUÑOZ ANDRADE HERMEL ALFREDO|00|00|00|111|03|00|0.00|77.05|4804|4804|01/02/2023|01/02/2023
02|2360003540001|112|01|00|0.00|606.00|1720652054|BRAVO PADILLA MERLY VIVIANA|00|00|00|213|51|00|606.00|0.00|3304|3304|28/02/2023|28/02/2023
02|2360003540001|112|01|00|0.00|500.00|1718973694|BASTIDAS ARROYO CHRISTIAN DAVID|00|00|00|213|51|00|500.00|0.00|3303|3303|28/02/2023|28/02/2023
02|2360003540001|112|01|00|0.00|545.45|1722036181|JIMENEZ MOREIRA DIEGO ARMANDO|00|00|00|213|51|00|545.45|0.00|3304|3304|28/02/2023|28/02/2023
02|2360003540001|112|05|00|303.15|0.00|1790775879001|OFICINA COMERCIAL ADUANERA  CORDERO|00|00|00|111|03|00|0.00|303.15|3081|3081|03/02/2023|03/02/2023
02|2360003540001|112|05|00|97.39|0.00|1768041140001|SERVICIO DE RENTAS INTERNAS|00|00|00|111|03|00|0.00|97.39|6023|6023|13/02/2023|13/02/2023
02|2360003540001|112|05|00|141430.53|0.00|0591728792001|CONSTRUCCIONES ULLOA CIA. LTDA.|00|00|00|111|03|00|0.00|141430.53|3270|3270|17/02/2023|17/02/2023
02|2360003540001|112|05|00|0.00|303.15|1790775879001|OFICINA COMERCIAL ADUANERA  CORDERO|00|00|00|213|53|00|303.15|0.00|4925|4925|28/02/2023|28/02/2023
02|2360003540001|112|05|00|14950.00|0.00|1790008959001|ACERO COMERCIAL ECUATORIANO S.A|00|00|00|111|03|00|0.00|14950.00|3274|3274|24/02/2023|24/02/2023
02|2360003540001|112|15|00|28.50|0.00|0802225946|SOLORZANO ZAMBRANO FELIX RAMON|00|00|00|111|03|00|0.00|28.50|3244|3244|16/02/2023|16/02/2023
02|2360003540001|112|15|00|0.00|378.75|2360003540001|CUERPO DE BOMBEROS DEL GOBIERNO AUTONOMO DESCENTRALIZADO MUNICIPAL DE SANTO DOMINGO|00|00|00|111|03|00|378.75|0.00|3721|3721|01/02/2023|01/02/2023
02|2360003540001|112|15|00|0.00|2149.70|1711022416|PARRA CHAVEZ HUGO JAVIER|00|00|00|213|53|00|2149.70|0.00|5319|5319|28/02/2023|28/02/2023
02|2360003540001|112|15|00|160.00|0.00|2350038937|BUSTAMANTE APOLO FERNANDA COREIMA|00|00|00|111|03|00|0.00|160.00|3259|3259|16/02/2023|16/02/2023
02|2360003540001|112|15|00|160.00|0.00|1719541706|ASANZA SALAZAR MANUEL FRANCISCO|00|00|00|111|03|00|0.00|160.00|3258|3258|16/02/2023|16/02/2023
02|2360003540001|112|15|00|430.50|0.00|2360003540001|CUERPO DE BOMBEROS DEL GOBIERNO AUTONOMO DESCENTRALIZADO MUNICIPAL DE SANTO DOMINGO|00|00|00|111|15|00|0.00|430.50|4499|4499|28/02/2023|28/02/2023
02|2360003540001|112|15|00|0.00|28.50|0802225946|SOLORZANO ZAMBRANO FELIX RAMON|00|00|00|213|73|00|28.50|0.00|4003|4003|28/02/2023|28/02/2023
02|2360003540001|112|15|00|160.00|0.00|0704525211|JUMBO PEÑA IRENGY LISSETH|00|00|00|111|03|00|0.00|160.00|3260|3260|16/02/2023|16/02/2023
02|2360003540001|113|13|00|0.00|1225560.46|9999999999999|CONSUMIDOR FINAL|00|00|00|111|03|00|1225560.46|0.00|4503|4503|28/02/2023|28/02/2023
02|2360003540001|113|13|00|8113.44|0.00|9999999999999|CONSUMIDOR FINAL|13|01|12|623|01|12|0.00|8113.44|4503|4503|28/02/2023|28/02/2023
02|2360003540001|113|13|00|1217447.02|0.00|9999999999999|CONSUMIDOR FINAL|13|04|14|623|04|14|0.00|1217447.02|4100|4100|28/02/2023|28/02/2023
02|2360003540001|113|19|00|17.07|0.00|9999999999999|CONSUMIDOR FINAL|19|04|99|625|24|99|0.00|17.07|3283|3283|27/02/2023|27/02/2023
02|2360003540001|113|19|00|0.00|17.07|9999999999999|CONSUMIDOR FINAL|00|00|00|111|03|00|17.07|0.00|3286|3286|27/02/2023|27/02/2023
02|2360003540001|213|51|06|0.00|244.12|1103073894001|QUICHIMBO DIAZ CENELIA DEL CISNE|51|05|10|633|05|10|244.12|0.00|3303|3352|28/02/2023|28/02/2023
02|2360003540001|213|51|01|0.00|390.65|2350225898|MORENO TOLEDO  WELLINGTON ADRIAN|51|01|05|633|01|05|390.65|0.00|3304|3304|28/02/2023|28/02/2023
02|2360003540001|213|51|31|0.00|28.11|1720714201|Paredes Naranjo Wilson Leonardo|51|06|02|633|06|02|28.11|0.00|3304|3304|28/02/2023|28/02/2023
02|2360003540001|213|51|01|0.00|1073.23|1724202245|TAPIA ROYAL VARSOVIA ARLETH|51|01|05|633|01|05|1073.23|0.00|3304|3304|28/02/2023|28/02/2023
02|2360003540001|213|51|02|0.00|835.58|1760004650001|INSTITUTO ECUATORIANO DE SEGURIDAD SOCIAL IESS|51|06|01|633|06|01|835.58|0.00|3303|5734|28/02/2023|28/02/2023
02|2360003540001|213|51|31|0.00|254.98|1711022416|PARRA CHAVEZ HUGO JAVIER|51|06|02|633|06|02|254.98|0.00|3304|3304|28/02/2023|28/02/2023
02|2360003540001|213|51|02|0.00|4805.37|1760004650001|INSTITUTO ECUATORIANO DE SEGURIDAD SOCIAL IESS|51|06|01|633|06|01|4805.37|0.00|3304|5734|28/02/2023|28/02/2023
02|2360003540001|213|51|31|0.00|117.62|2300137664|QUINTANA CALDERON KATIUSCA ELIZABETH|51|06|02|633|06|02|117.62|0.00|3303|3303|28/02/2023|28/02/2023
02|2360003540001|213|51|01|0.00|1589.49|1711022416|PARRA CHAVEZ HUGO JAVIER|51|01|05|633|01|05|1589.49|0.00|3304|3304|28/02/2023|28/02/2023
02|2360003540001|213|51|06|708.52|0.00|1103073894001|QUICHIMBO DIAZ CENELIA DEL CISNE|51|01|05|111|03|00|0.00|708.52|2910|0|01/02/2023|01/02/2023
02|2360003540001|213|51|31|0.00|100.96|1725046591|SABANDO BASTIDAS MARIA JOSE|51|06|02|633|06|02|100.96|0.00|3304|3304|28/02/2023|28/02/2023
02|2360003540001|213|51|31|0.00|100.96|1717459372|RODRIGUEZ CHAVEZ GENESIS DAYANA|51|06|02|633|06|02|100.96|0.00|3304|3304|28/02/2023|28/02/2023
02|2360003540001|213|51|02|1239.77|0.00|2360003540001|CUERPO DE BOMBEROS DEL GOBIERNO AUTONOMO DESCENTRALIZADO MUNICIPAL DE SANTO DOMINGO|51|01|05|112|01|00|0.00|1239.77|3304|3304|28/02/2023|28/02/2023
02|2360003540001|213|51|31|0.00|100.96|1724202245|TAPIA ROYAL VARSOVIA ARLETH|51|06|02|633|06|02|100.96|0.00|3304|3304|28/02/2023|28/02/2023
02|2360003540001|213|51|40|0.00|550.78|1724778848|MORALES FERNANDEZ MICHELLE ALEXANDDRA|51|05|10|633|05|10|550.78|0.00|3303|3303|28/02/2023|28/02/2023
02|2360003540001|213|51|34|0.00|1266.00|1723108930|HALLO SILVA CHRISTIAN ISRAEL|51|05|13|633|05|13|1266.00|0.00|3304|3304|28/02/2023|28/02/2023
02|2360003540001|213|51|37|1151.40|0.00|1718973694|BASTIDAS ARROYO CHRISTIAN DAVID|51|07|07|111|03|00|0.00|1151.40|3266|3261|17/02/2023|17/02/2023
02|2360003540001|213|51|34|0.00|1266.00|1715179717|SAMANIEGO DOMINGUEZ ANA VALERIA|51|05|13|633|05|13|1266.00|0.00|3304|3304|28/02/2023|28/02/2023
02|2360003540001|213|51|01|0.00|737.36|1312510603|GUADAMUD GILER JOEL ARMANDO|51|01|05|633|01|05|737.36|0.00|3304|3304|28/02/2023|28/02/2023
02|2360003540001|213|51|02|0.00|0.00|1760004650001|INSTITUTO ECUATORIANO DE SEGURIDAD SOCIAL IESS|51|06|01|000|00|00|0.00|0.00|5728|0|07/02/2023|07/02/2023
02|2360003540001|213|51|03|899.37|0.00|1760004650001|INSTITUTO ECUATORIANO DE SEGURIDAD SOCIAL IESS|51|05|10|111|03|00|0.00|899.37|5728|0|07/02/2023|07/02/2023
02|2360003540001|213|51|04|0.00|91.23|1760004650001|INSTITUTO ECUATORIANO DE SEGURIDAD SOCIAL IESS|51|05|10|633|05|10|91.23|0.00|3303|5734|28/02/2023|28/02/2023
02|2360003540001|213|51|33|0.00|354.17|1718973694|BASTIDAS ARROYO CHRISTIAN DAVID|51|02|04|633|02|04|354.17|0.00|3261|3261|16/02/2023|16/02/2023
02|2360003540001|213|51|01|0.00|539.29|1722237094|CANO PLUAS VERONICA GISSELA|51|01|05|633|01|05|539.29|0.00|3304|3304|28/02/2023|28/02/2023
02|2360003540001|213|51|01|0.00|262.20|1802004083|CHUGCHO SALAN LUIS FELIPE|51|01|05|633|01|05|262.20|0.00|3304|3304|28/02/2023|28/02/2023
02|2360003540001|213|51|01|0.00|298.86|1720714201|Paredes Naranjo Wilson Leonardo|51|01|05|633|01|05|298.86|0.00|3304|3304|28/02/2023|28/02/2023
02|2360003540001|213|51|33|0.00|141.67|1711886059|OJEDA TORRES BERNARDO AMADO|51|02|04|633|02|04|141.67|0.00|3298|3298|28/02/2023|28/02/2023
02|2360003540001|213|51|31|0.00|24.18|1720814357|BENITEZ CAVIEDES BRUNO IVAN|51|06|02|633|06|02|24.18|0.00|3303|3303|28/02/2023|28/02/2023
02|2360003540001|213|51|01|0.00|509.67|1723108930|HALLO SILVA CHRISTIAN ISRAEL|51|01|05|633|01|05|509.67|0.00|3304|3304|28/02/2023|28/02/2023
02|2360003540001|213|51|41|160.31|0.00|1760004650001|INSTITUTO ECUATORIANO DE SEGURIDAD SOCIAL IESS|51|01|05|111|03|00|0.00|160.31|5728|0|07/02/2023|07/02/2023
02|2360003540001|213|51|31|0.00|51.81|1724778848|MORALES FERNANDEZ MICHELLE ALEXANDDRA|51|06|02|633|06|02|51.81|0.00|3303|3303|28/02/2023|28/02/2023
02|2360003540001|213|51|01|0.00|178.45|0915014575|ANDRADE MENDEZ JHON GINO|51|01|05|633|01|05|178.45|0.00|3304|3304|28/02/2023|28/02/2023
02|2360003540001|213|51|31|0.00|56.23|2350225898|MORENO TOLEDO  WELLINGTON ADRIAN|51|06|02|633|06|02|56.23|0.00|3304|3304|28/02/2023|28/02/2023
02|2360003540001|213|51|31|0.00|100.96|1720652054|BRAVO PADILLA MERLY VIVIANA|51|06|02|633|06|02|100.96|0.00|3304|3304|28/02/2023|28/02/2023
02|2360003540001|213|51|31|0.00|176.18|1712087665|ESCUDERO JURADO ALEXIS JULIAN|51|06|02|633|06|02|176.18|0.00|3304|3304|28/02/2023|28/02/2023
02|2360003540001|213|51|04|2546.35|0.00|1760004650001|INSTITUTO ECUATORIANO DE SEGURIDAD SOCIAL IESS|51|01|05|111|03|00|0.00|2546.35|5728|0|07/02/2023|07/02/2023
02|2360003540001|213|51|31|0.00|56.23|1802004083|CHUGCHO SALAN LUIS FELIPE|51|06|02|633|06|02|56.23|0.00|3304|3304|28/02/2023|28/02/2023
02|2360003540001|213|51|32|101.00|0.00|2300119225|PANTOJA TAPIA ALEX GEOVANNY|51|02|03|111|03|00|0.00|101.00|3267|3263|17/02/2023|17/02/2023
02|2360003540001|213|51|01|0.00|351.98|1719617191|CHONILLO TUAREZ YAJAIRA MARIEL|51|01|05|633|01|05|351.98|0.00|3304|3304|28/02/2023|28/02/2023
02|2360003540001|213|51|04|0.00|1943.15|1760004650001|INSTITUTO ECUATORIANO DE SEGURIDAD SOCIAL IESS|51|01|05|633|01|05|1943.15|0.00|3304|5734|28/02/2023|28/02/2023
02|2360003540001|213|51|35|0.00|494.93|1720566494|ORDOÑEZ VERA JAZMIN CRISTINA|51|05|12|633|05|12|494.93|0.00|3304|3304|28/02/2023|28/02/2023
02|2360003540001|213|51|01|0.00|5806.06|2360003540001|CUERPO DE BOMBEROS DEL GOBIERNO AUTONOMO DESCENTRALIZADO MUNICIPAL DE SANTO DOMINGO|51|01|05|633|01|05|5806.06|0.00|3304|3304|28/02/2023|28/02/2023
02|2360003540001|213|51|31|0.00|100.96|2300238736|VELEZ CASA MARIA LILIANA|51|06|02|633|06|02|100.96|0.00|3304|3304|28/02/2023|28/02/2023
02|2360003540001|213|51|01|0.00|644.13|1718968140|VERDEZOTO CARLOSAMA CARMEN ALEXANDRA|51|01|05|633|01|05|644.13|0.00|3304|3304|28/02/2023|28/02/2023
02|2360003540001|213|51|01|0.00|1073.23|2300236524|BUENAÑO SANCHEZ DIEGO ALEXANDER|51|01|05|633|01|05|1073.23|0.00|3304|3304|28/02/2023|28/02/2023
02|2360003540001|213|51|31|0.00|100.96|1718973694|BASTIDAS ARROYO CHRISTIAN DAVID|51|06|02|633|06|02|100.96|0.00|3303|3303|28/02/2023|28/02/2023
02|2360003540001|213|51|31|0.00|68.06|1722237094|CANO PLUAS VERONICA GISSELA|51|06|02|633|06|02|68.06|0.00|3304|3304|28/02/2023|28/02/2023
02|2360003540001|213|51|03|0.00|4722.80|1760004650001|INSTITUTO ECUATORIANO DE SEGURIDAD SOCIAL IESS|51|01|05|633|01|05|4722.80|0.00|3304|5734|28/02/2023|28/02/2023
02|2360003540001|213|51|40|0.00|1073.23|2300049018|AMAN GORDON CAROL LISSETTE|51|05|10|633|05|10|1073.23|0.00|3303|3303|28/02/2023|28/02/2023
02|2360003540001|213|51|01|0.00|641.96|1717124661|MORA MIÑACA JAIME ROBERTO|51|01|05|633|01|05|641.96|0.00|3304|3304|28/02/2023|28/02/2023
02|2360003540001|213|51|37|2307.65|0.00|2300119225|PANTOJA TAPIA ALEX GEOVANNY|51|07|07|111|03|00|0.00|2307.65|3267|3263|17/02/2023|17/02/2023
02|2360003540001|213|51|03|4917.02|0.00|1760004650001|INSTITUTO ECUATORIANO DE SEGURIDAD SOCIAL IESS|51|01|05|111|03|00|0.00|4917.02|5728|0|07/02/2023|07/02/2023
02|2360003540001|213|51|01|0.00|1449.50|0703099994|SANCHEZ TANDAZO DIMA YESENIA|51|01|05|633|01|05|1449.50|0.00|3304|3304|28/02/2023|28/02/2023
02|2360003540001|213|51|05|0.00|3.15|1768041140001|SERVICIO DE RENTAS INTERNAS|51|05|10|633|05|10|3.15|0.00|3303|3401|28/02/2023|28/02/2023
02|2360003540001|213|51|31|0.00|51.81|2300603129|MOROCHO PINTO GABRIELA MISHELLE|51|06|02|633|06|02|51.81|0.00|3304|3304|28/02/2023|28/02/2023
02|2360003540001|213|51|01|0.00|1562.44|2300585839|FIALLO TORRES ENZO RAUL|51|01|05|633|01|05|1562.44|0.00|3304|3304|28/02/2023|28/02/2023
02|2360003540001|213|51|32|0.00|101.00|1711886059|OJEDA TORRES BERNARDO AMADO|51|02|03|633|02|03|101.00|0.00|3298|3298|28/02/2023|28/02/2023
02|2360003540001|213|51|01|0.00|903.23|1804309571|PAZMIÑO ORELLANA JORGE LUIS|51|01|05|633|01|05|903.23|0.00|3304|3304|28/02/2023|28/02/2023
02|2360003540001|213|51|31|0.00|82.13|2300075930|PAZOS CASTILLO DIANA CAROLINA|51|06|02|633|06|02|82.13|0.00|3304|3304|28/02/2023|28/02/2023
02|2360003540001|213|51|40|0.00|1005.15|1310066616|GARCIA MACIAS CARLOS ENRIQUE|51|05|10|633|05|10|1005.15|0.00|3303|3303|28/02/2023|28/02/2023
02|2360003540001|213|51|32|0.00|101.00|2300119225|PANTOJA TAPIA ALEX GEOVANNY|51|02|03|633|02|03|101.00|0.00|3263|3263|16/02/2023|16/02/2023
02|2360003540001|213|51|32|101.00|0.00|1718973694|BASTIDAS ARROYO CHRISTIAN DAVID|51|02|03|111|03|00|0.00|101.00|3266|3261|17/02/2023|17/02/2023
02|2360003540001|213|51|40|0.00|351.45|1718973694|BASTIDAS ARROYO CHRISTIAN DAVID|51|05|10|633|05|10|351.45|0.00|3303|3303|28/02/2023|28/02/2023
02|2360003540001|213|51|03|0.00|821.21|1760004650001|INSTITUTO ECUATORIANO DE SEGURIDAD SOCIAL IESS|51|05|10|633|05|10|821.21|0.00|3303|5734|28/02/2023|28/02/2023
02|2360003540001|213|51|40|0.00|1100.33|2300137664|QUINTANA CALDERON KATIUSCA ELIZABETH|51|05|10|633|05|10|1100.33|0.00|3303|3303|28/02/2023|28/02/2023
02|2360003540001|213|51|01|0.00|372.64|2350027971|CISNEROS ALVAREZ KARINA LISBETH|51|01|05|633|01|05|372.64|0.00|3304|3304|28/02/2023|28/02/2023
02|2360003540001|213|51|32|0.00|51.83|1724778848|MORALES FERNANDEZ MICHELLE ALEXANDDRA|51|02|03|633|02|03|51.83|0.00|3264|3264|16/02/2023|16/02/2023
02|2360003540001|213|51|31|0.00|206.42|1723108930|HALLO SILVA CHRISTIAN ISRAEL|51|06|02|633|06|02|206.42|0.00|3304|3304|28/02/2023|28/02/2023
02|2360003540001|213|51|33|0.00|350.63|1724778848|MORALES FERNANDEZ MICHELLE ALEXANDDRA|51|02|04|633|02|04|350.63|0.00|3264|3264|16/02/2023|16/02/2023
02|2360003540001|213|51|01|0.00|1073.23|1717459372|RODRIGUEZ CHAVEZ GENESIS DAYANA|51|01|05|633|01|05|1073.23|0.00|3304|3304|28/02/2023|28/02/2023
02|2360003540001|213|51|31|0.00|206.42|1717124661|MORA MIÑACA JAIME ROBERTO|51|06|02|633|06|02|206.42|0.00|3304|3304|28/02/2023|28/02/2023
02|2360003540001|213|51|01|5806.06|0.00|2360003540001|CUERPO DE BOMBEROS DEL GOBIERNO AUTONOMO DESCENTRALIZADO MUNICIPAL DE SANTO DOMINGO|51|01|05|112|01|00|0.00|5806.06|3304|3304|28/02/2023|28/02/2023
02|2360003540001|213|51|01|0.00|467.23|1720652054|BRAVO PADILLA MERLY VIVIANA|51|01|05|633|01|05|467.23|0.00|3304|3304|28/02/2023|28/02/2023
02|2360003540001|213|51|31|0.00|206.42|0703099994|SANCHEZ TANDAZO DIMA YESENIA|51|06|02|633|06|02|206.42|0.00|3304|3304|28/02/2023|28/02/2023
02|2360003540001|213|51|31|0.00|51.81|0915014575|ANDRADE MENDEZ JHON GINO|51|06|02|633|06|02|51.81|0.00|3304|3304|28/02/2023|28/02/2023
02|2360003540001|213|51|31|0.00|100.96|1310066616|GARCIA MACIAS CARLOS ENRIQUE|51|06|02|633|06|02|100.96|0.00|3303|3303|28/02/2023|28/02/2023
02|2360003540001|213|51|31|0.00|100.96|2300119225|PANTOJA TAPIA ALEX GEOVANNY|51|06|02|633|06|02|100.96|0.00|3303|3303|28/02/2023|28/02/2023
02|2360003540001|213|51|31|0.00|51.81|2350027971|CISNEROS ALVAREZ KARINA LISBETH|51|06|02|633|06|02|51.81|0.00|3304|3304|28/02/2023|28/02/2023
02|2360003540001|213|51|40|0.00|959.09|2360003540001|CUERPO DE BOMBEROS DEL GOBIERNO AUTONOMO DESCENTRALIZADO MUNICIPAL DE SANTO DOMINGO|51|05|10|633|05|10|959.09|0.00|3303|3303|28/02/2023|28/02/2023
02|2360003540001|213|51|01|0.00|618.55|2300075930|PAZOS CASTILLO DIANA CAROLINA|51|01|05|633|01|05|618.55|0.00|3304|3304|28/02/2023|28/02/2023
02|2360003540001|213|51|41|0.00|144.85|1760004650001|INSTITUTO ECUATORIANO DE SEGURIDAD SOCIAL IESS|51|01|05|633|01|05|144.85|0.00|3304|5734|28/02/2023|28/02/2023
02|2360003540001|213|51|32|0.00|101.00|1718973694|BASTIDAS ARROYO CHRISTIAN DAVID|51|02|03|633|02|03|101.00|0.00|3261|3261|16/02/2023|16/02/2023
02|2360003540001|213|51|37|0.00|2307.65|2300119225|PANTOJA TAPIA ALEX GEOVANNY|51|07|07|633|07|07|2307.65|0.00|3263|3263|16/02/2023|16/02/2023
02|2360003540001|213|51|01|0.00|1834.66|0400894457|ALMEIDA PILLAJO ROBERTH JAMES|51|01|05|633|01|05|1834.66|0.00|3304|3304|28/02/2023|28/02/2023
02|2360003540001|213|51|37|0.00|1151.40|1718973694|BASTIDAS ARROYO CHRISTIAN DAVID|51|07|07|633|07|07|1151.40|0.00|3261|3261|16/02/2023|16/02/2023
02|2360003540001|213|51|31|0.00|93.04|1720566494|ORDOÑEZ VERA JAZMIN CRISTINA|51|06|02|633|06|02|93.04|0.00|3304|3304|28/02/2023|28/02/2023
02|2360003540001|213|51|05|0.00|678.34|1768041140001|SERVICIO DE RENTAS INTERNAS|51|01|05|633|01|05|678.34|0.00|3304|3401|28/02/2023|28/02/2023
02|2360003540001|213|51|01|0.00|1073.23|1723775712|CHAVEZ MACIAS ANDREA VIVIANA|51|01|05|633|01|05|1073.23|0.00|3304|3304|28/02/2023|28/02/2023
02|2360003540001|213|51|01|0.00|244.40|1722356019|MOLINA VERA SANDRA ESTEFANIA|51|01|05|633|01|05|244.40|0.00|3304|3304|28/02/2023|28/02/2023
02|2360003540001|213|51|37|484.54|0.00|1724778848|MORALES FERNANDEZ MICHELLE ALEXANDDRA|51|07|07|111|03|00|0.00|484.54|3268|3264|17/02/2023|17/02/2023
02|2360003540001|213|51|31|0.00|100.96|1723775712|CHAVEZ MACIAS ANDREA VIVIANA|51|06|02|633|06|02|100.96|0.00|3304|3304|28/02/2023|28/02/2023
02|2360003540001|213|51|01|0.00|742.68|1723145171|LAPO LALANGUI DIANA ELIZABETH|51|01|05|633|01|05|742.68|0.00|3304|3304|28/02/2023|28/02/2023
02|2360003540001|213|51|37|0.00|484.54|1724778848|MORALES FERNANDEZ MICHELLE ALEXANDDRA|51|07|07|633|07|07|484.54|0.00|3264|3264|16/02/2023|16/02/2023
02|2360003540001|213|51|31|0.00|100.96|1312510603|GUADAMUD GILER JOEL ARMANDO|51|06|02|633|06|02|100.96|0.00|3304|3304|28/02/2023|28/02/2023
02|2360003540001|213|51|06|192.48|0.00|1103073894001|QUICHIMBO DIAZ CENELIA DEL CISNE|51|05|10|111|03|00|0.00|192.48|2910|0|01/02/2023|01/02/2023
02|2360003540001|213|51|32|0.00|101.00|1724202245|TAPIA ROYAL VARSOVIA ARLETH|51|02|03|633|02|03|101.00|0.00|3304|3304|28/02/2023|28/02/2023
02|2360003540001|213|51|31|0.00|206.42|2300585839|FIALLO TORRES ENZO RAUL|51|06|02|633|06|02|206.42|0.00|3304|3304|28/02/2023|28/02/2023
02|2360003540001|213|51|31|0.00|206.42|1715179717|SAMANIEGO DOMINGUEZ ANA VALERIA|51|06|02|633|06|02|206.42|0.00|3304|3304|28/02/2023|28/02/2023
02|2360003540001|213|51|01|0.00|691.85|1715179717|SAMANIEGO DOMINGUEZ ANA VALERIA|51|01|05|633|01|05|691.85|0.00|3304|3304|28/02/2023|28/02/2023
02|2360003540001|213|51|01|0.00|1073.23|2300238736|VELEZ CASA MARIA LILIANA|51|01|05|633|01|05|1073.23|0.00|3304|3304|28/02/2023|28/02/2023
02|2360003540001|213|51|31|0.00|56.23|1722356019|MOLINA VERA SANDRA ESTEFANIA|51|06|02|633|06|02|56.23|0.00|3304|3304|28/02/2023|28/02/2023
02|2360003540001|213|51|01|0.00|1073.23|1725046591|SABANDO BASTIDAS MARIA JOSE|51|01|05|633|01|05|1073.23|0.00|3304|3304|28/02/2023|28/02/2023
02|2360003540001|213|51|40|0.00|211.54|1720814357|BENITEZ CAVIEDES BRUNO IVAN|51|05|10|633|05|10|211.54|0.00|3303|3303|28/02/2023|28/02/2023
02|2360003540001|213|51|01|0.00|1214.21|1712087665|ESCUDERO JURADO ALEXIS JULIAN|51|01|05|633|01|05|1214.21|0.00|3304|3304|28/02/2023|28/02/2023
02|2360003540001|213|51|40|0.00|760.99|2300119225|PANTOJA TAPIA ALEX GEOVANNY|51|05|10|633|05|10|760.99|0.00|3303|3303|28/02/2023|28/02/2023
02|2360003540001|213|51|31|0.00|100.96|1723145171|LAPO LALANGUI DIANA ELIZABETH|51|06|02|633|06|02|100.96|0.00|3304|3304|28/02/2023|28/02/2023
02|2360003540001|213|51|31|0.00|90.46|1719617191|CHONILLO TUAREZ YAJAIRA MARIEL|51|06|02|633|06|02|90.46|0.00|3304|3304|28/02/2023|28/02/2023
02|2360003540001|213|51|01|0.00|164.55|2300603129|MOROCHO PINTO GABRIELA MISHELLE|51|01|05|633|01|05|164.55|0.00|3304|3304|28/02/2023|28/02/2023
02|2360003540001|213|51|31|0.00|100.96|1718968140|VERDEZOTO CARLOSAMA CARMEN ALEXANDRA|51|06|02|633|06|02|100.96|0.00|3304|3304|28/02/2023|28/02/2023
02|2360003540001|213|51|06|0.00|714.28|1103073894001|QUICHIMBO DIAZ CENELIA DEL CISNE|51|01|05|633|01|05|714.28|0.00|3304|3352|28/02/2023|28/02/2023
02|2360003540001|213|51|33|354.17|0.00|1718973694|BASTIDAS ARROYO CHRISTIAN DAVID|51|02|04|111|03|00|0.00|354.17|3266|3261|17/02/2023|17/02/2023
02|2360003540001|213|51|32|51.83|0.00|1724778848|MORALES FERNANDEZ MICHELLE ALEXANDDRA|51|02|03|111|03|00|0.00|51.83|3268|3264|17/02/2023|17/02/2023
02|2360003540001|213|51|40|959.09|0.00|2360003540001|CUERPO DE BOMBEROS DEL GOBIERNO AUTONOMO DESCENTRALIZADO MUNICIPAL DE SANTO DOMINGO|51|05|10|112|01|00|0.00|959.09|3303|3303|28/02/2023|28/02/2023
02|2360003540001|213|51|33|0.00|354.17|2300119225|PANTOJA TAPIA ALEX GEOVANNY|51|02|04|633|02|04|354.17|0.00|3263|3263|16/02/2023|16/02/2023
02|2360003540001|213|51|33|354.17|0.00|2300119225|PANTOJA TAPIA ALEX GEOVANNY|51|02|04|111|03|00|0.00|354.17|3267|3263|17/02/2023|17/02/2023
02|2360003540001|213|51|33|0.00|37.50|1724202245|TAPIA ROYAL VARSOVIA ARLETH|51|02|04|633|02|04|37.50|0.00|3304|3304|28/02/2023|28/02/2023
02|2360003540001|213|51|01|0.00|121.89|1720566494|ORDOÑEZ VERA JAZMIN CRISTINA|51|01|05|633|01|05|121.89|0.00|3304|3304|28/02/2023|28/02/2023
02|2360003540001|213|51|31|0.00|100.96|1804309571|PAZMIÑO ORELLANA JORGE LUIS|51|06|02|633|06|02|100.96|0.00|3304|3304|28/02/2023|28/02/2023
02|2360003540001|213|51|02|0.00|1239.77|2360003540001|CUERPO DE BOMBEROS DEL GOBIERNO AUTONOMO DESCENTRALIZADO MUNICIPAL DE SANTO DOMINGO|51|01|05|633|01|05|1239.77|0.00|3304|3304|28/02/2023|28/02/2023
02|2360003540001|213|51|37|0.00|393.90|1711886059|OJEDA TORRES BERNARDO AMADO|51|07|07|633|07|07|393.90|0.00|3298|3298|28/02/2023|28/02/2023
02|2360003540001|213|51|02|4696.67|0.00|1760004650001|INSTITUTO ECUATORIANO DE SEGURIDAD SOCIAL IESS|51|06|01|111|03|00|0.00|4696.67|5728|0|07/02/2023|07/02/2023
02|2360003540001|213|51|05|678.34|0.00|1768041140001|SERVICIO DE RENTAS INTERNAS|51|01|05|111|03|00|0.00|678.34|3279|0|22/02/2023|22/02/2023
02|2360003540001|213|51|33|350.63|0.00|1724778848|MORALES FERNANDEZ MICHELLE ALEXANDDRA|51|02|04|111|03|00|0.00|350.63|3268|3264|17/02/2023|17/02/2023
02|2360003540001|213|51|04|91.87|0.00|1760004650001|INSTITUTO ECUATORIANO DE SEGURIDAD SOCIAL IESS|51|05|10|111|03|00|0.00|91.87|5728|0|07/02/2023|07/02/2023
02|2360003540001|213|53|01|0.00|8.50|2390024048001|JUNTA ADMINISTRADORA DE AGUA POTABLE Y ALCANTARILLADO SAN JOSE DE ALLURIQUIN|53|01|01|634|01|01|8.50|0.00|3296|3296|28/02/2023|28/02/2023
02|2360003540001|213|53|01|0.00|14.00|2390023351001|JUNTA ADMINISTRADORA DE AGUA POTABLE Y ALCANTARILLADO DE PUERTO LIMON|53|01|01|634|01|01|14.00|0.00|3291|3291|28/02/2023|28/02/2023
02|2360003540001|213|53|01|2389.43|0.00|1791752414001|COMPANIA DE SERVICIOS ELECTROMECANICOS PARA EL DESARROLLO CSED SA|53|01|05|111|03|00|0.00|2389.43|3284|3281|27/02/2023|27/02/2023
02|2360003540001|213|53|01|0.00|2389.43|1791752414001|COMPANIA DE SERVICIOS ELECTROMECANICOS PARA EL DESARROLLO CSED SA|53|01|05|634|01|05|2389.43|0.00|3281|3281|23/02/2023|23/02/2023
02|2360003540001|213|53|01|0.00|119.05|1768152560001|CORPORACIÓN NACIONAL DE TELECOMUNICACIONES CNT EP|53|01|05|634|01|05|119.05|0.00|3272|3272|17/02/2023|17/02/2023
02|2360003540001|213|53|01|5.75|0.00|2390021693001|JUNTA ADMINISTRADORA DE AGUA POTABLE Y ALCANTARILLADO SANTA MARIA DEL TOACHI|53|01|01|111|03|00|0.00|5.75|3202|2808|13/02/2023|13/02/2023
02|2360003540001|213|53|18|0.00|67.57|1768041140001|SERVICIO DE RENTAS INTERNAS|53|01|05|634|01|05|67.57|0.00|3281|3400|23/02/2023|23/02/2023
02|2360003540001|213|53|18|27.47|0.00|1768041140001|SERVICIO DE RENTAS INTERNAS|53|02|04|111|03|00|0.00|27.47|3277|0|22/02/2023|22/02/2023
02|2360003540001|213|53|19|0.00|12.48|1768041140001|SERVICIO DE RENTAS INTERNAS|53|02|04|634|02|04|12.48|0.00|3305|3399|28/02/2023|28/02/2023
02|2360003540001|213|53|01|17.00|0.00|2390024048001|JUNTA ADMINISTRADORA DE AGUA POTABLE Y ALCANTARILLADO SAN JOSE DE ALLURIQUIN|53|01|01|111|03|00|0.00|17.00|3201|2805|13/02/2023|13/02/2023
02|2360003540001|213|53|01|17.07|0.00|2360001250001|EMPRESA PUBLICA MUNICIPAL DE AGUA POTABLE Y ALCANTARILLADO SANTO DOMINGO|53|01|01|113|19|00|0.00|17.07|3286|0|27/02/2023|27/02/2023
02|2360003540001|213|53|01|68.00|0.00|2390023351001|JUNTA ADMINISTRADORA DE AGUA POTABLE Y ALCANTARILLADO DE PUERTO LIMON|53|01|01|111|03|00|0.00|68.00|3205|2904|13/02/2023|13/02/2023
02|2360003540001|213|53|01|119.05|0.00|1768152560001|CORPORACIÓN NACIONAL DE TELECOMUNICACIONES CNT EP|53|01|05|111|03|00|0.00|119.05|3273|3272|17/02/2023|17/02/2023
02|2360003540001|213|53|01|0.00|5.75|2390021693001|JUNTA ADMINISTRADORA DE AGUA POTABLE Y ALCANTARILLADO SANTA MARIA DEL TOACHI|53|01|01|634|01|01|5.75|0.00|3295|3295|28/02/2023|28/02/2023
02|2360003540001|213|53|01|0.00|4887.63|1717280539001|ZAMBRANO MANTILLA GEOCONDA MARIBEL|53|02|09|634|02|09|4887.63|0.00|3243|3243|15/02/2023|15/02/2023
02|2360003540001|213|53|01|2149.70|0.00|1711022416|PARRA CHAVEZ HUGO JAVIER|53|03|04|112|15|00|0.00|2149.70|5319|0|28/02/2023|28/02/2023
02|2360003540001|213|53|18|67.57|0.00|1768041140001|SERVICIO DE RENTAS INTERNAS|53|01|05|111|03|00|0.00|67.57|3277|0|22/02/2023|22/02/2023
02|2360003540001|213|53|18|138.21|0.00|1768041140001|SERVICIO DE RENTAS INTERNAS|53|02|09|111|03|00|0.00|138.21|3277|0|22/02/2023|22/02/2023
02|2360003540001|213|53|01|0.00|1813.15|0968599020001|EMPRESA ELECTRICA PÚBLICA ESTRATEGICA CORPORACION NACIONAL DE ELECTRICIDAD CNEL EP|53|01|04|634|01|04|1813.15|0.00|3242|3242|15/02/2023|15/02/2023
02|2360003540001|213|53|01|0.00|1235.52|1713150603001|SILVA ESTRELLA PAMELA VANESA|53|02|04|634|02|04|1235.52|0.00|3305|3305|28/02/2023|28/02/2023
02|2360003540001|213|53|01|208.82|0.00|1760004060001|GOBIERNO AUTONOMO DESCENTRALIZADO MUNICIPAL DE SANTO DOMINGO|53|05|02|111|03|00|0.00|208.82|3046|2903|01/02/2023|01/02/2023
02|2360003540001|213|53|01|251.35|0.00|2360001250001|EMPRESA PUBLICA MUNICIPAL DE AGUA POTABLE Y ALCANTARILLADO SANTO DOMINGO|53|01|01|111|03|00|0.00|251.35|3287|3280|27/02/2023|27/02/2023
02|2360003540001|213|53|01|456.02|0.00|1792605504001|ADMINISTRACIÓN ESTRATEGICA DE GASOLINERAS ADESGAE CIA LTDA|53|08|03|111|03|00|0.00|456.02|3196|3016|13/02/2023|13/02/2023
02|2360003540001|213|53|01|303.15|0.00|1790775879001|OFICINA COMERCIAL ADUANERA  CORDERO|53|06|07|112|05|00|0.00|303.15|4925|0|28/02/2023|28/02/2023
02|2360003540001|213|53|01|0.00|414.28|0990005737001|TRANSPORTE DE VALORES|53|02|08|634|02|08|414.28|0.00|3316|3316|28/02/2023|28/02/2023
02|2360003540001|213|53|01|4887.63|0.00|1717280539001|ZAMBRANO MANTILLA GEOCONDA MARIBEL|53|02|09|111|03|00|0.00|4887.63|3285|3243|27/02/2023|27/02/2023
02|2360003540001|213|53|01|208.82|0.00|1760004060001|GOBIERNO AUTONOMO DESCENTRALIZADO MUNICIPAL DE SANTO DOMINGO|53|05|02|111|03|00|0.00|208.82|3300|3289|28/02/2023|28/02/2023
02|2360003540001|213|53|01|208.82|0.00|2360001250001|EMPRESA PUBLICA MUNICIPAL DE AGUA POTABLE Y ALCANTARILLADO SANTO DOMINGO|53|01|01|111|03|00|0.00|208.82|3132|3017|09/02/2023|09/02/2023
02|2360003540001|213|53|18|0.00|138.21|1768041140001|SERVICIO DE RENTAS INTERNAS|53|02|09|634|02|09|138.21|0.00|3243|3400|15/02/2023|15/02/2023
02|2360003540001|213|53|01|26.90|0.00|2390032571001|JUNTA ADMINISTRADORA DE AGUA POTABLE Y SANEAMIENTO LUZ DE AMERICA|53|01|01|111|03|00|0.00|26.90|3198|2796|13/02/2023|13/02/2023
02|2360003540001|213|53|01|0.00|7100.15|0691700933001|L&M DE SEGURIDAD PRIVADA CIA.LTDA|53|02|08|634|02|08|7100.15|0.00|3282|3282|27/02/2023|27/02/2023
02|2360003540001|213|53|01|2389.43|0.00|1791752414001|COMPANIA DE SERVICIOS ELECTROMECANICOS PARA EL DESARROLLO CSED SA|53|01|05|111|03|00|0.00|2389.43|3047|2906|01/02/2023|01/02/2023
02|2360003540001|213|53|01|0.00|268.42|2360001250001|EMPRESA PUBLICA MUNICIPAL DE AGUA POTABLE Y ALCANTARILLADO SANTO DOMINGO|53|01|01|634|01|01|268.42|0.00|3280|3280|23/02/2023|23/02/2023
02|2360003540001|213|53|01|29.40|0.00|2390032571001|JUNTA ADMINISTRADORA DE AGUA POTABLE Y SANEAMIENTO LUZ DE AMERICA|53|01|01|111|03|00|0.00|29.40|3203|2812|13/02/2023|13/02/2023
02|2360003540001|213|53|01|0.00|2149.70|1711022416|PARRA CHAVEZ HUGO JAVIER|53|03|04|634|03|04|2149.70|0.00|5318|5318|28/02/2023|28/02/2023
02|2360003540001|213|53|01|1813.15|0.00|0968599020001|EMPRESA ELECTRICA PÚBLICA ESTRATEGICA CORPORACION NACIONAL DE ELECTRICIDAD CNEL EP|53|01|04|111|03|00|0.00|1813.15|3246|3242|16/02/2023|16/02/2023
02|2360003540001|213|53|01|0.00|208.82|1760004060001|GOBIERNO AUTONOMO DESCENTRALIZADO MUNICIPAL DE SANTO DOMINGO|53|05|02|634|05|02|208.82|0.00|3289|3289|27/02/2023|27/02/2023
02|2360003540001|213|53|18|0.00|200.78|1768041140001|SERVICIO DE RENTAS INTERNAS|53|02|08|634|02|08|200.78|0.00|3282|3400|27/02/2023|27/02/2023
02|2360003540001|213|53|01|0.00|34.10|2390032571001|JUNTA ADMINISTRADORA DE AGUA POTABLE Y SANEAMIENTO LUZ DE AMERICA|53|01|01|634|01|01|34.10|0.00|3297|3297|28/02/2023|28/02/2023
02|2360003540001|213|53|01|97.88|0.00|2300252687001|REINOSO ORDOÑEZ KARLA JANETH|53|07|04|111|03|00|0.00|97.88|3248|3014|16/02/2023|16/02/2023
02|2360003540001|213|53|01|0.00|303.15|1790775879001|OFICINA COMERCIAL ADUANERA  CORDERO|53|06|07|634|06|07|303.15|0.00|4924|4924|28/02/2023|28/02/2023
02|2360003540001|213|57|01|0.00|19993.66|0968599020001|EMPRESA ELECTRICA PÚBLICA ESTRATEGICA CORPORACION NACIONAL DE ELECTRICIDAD CNEL EP|57|01|99|635|01|99|19993.66|0.00|3382|3382|28/02/2023|28/02/2023
02|2360003540001|213|57|01|19993.66|0.00|0968599020001|EMPRESA ELECTRICA PÚBLICA ESTRATEGICA CORPORACION NACIONAL DE ELECTRICIDAD CNEL EP|57|01|99|113|13|00|0.00|19993.66|3392|0|28/02/2023|28/02/2023
02|2360003540001|213|57|01|0.39|0.00|0990005737|SISTEMA UNICO DE PENSIONES ALIMENTICIAS SUPA|57|02|03|111|03|00|0.00|0.39|3133|2911|09/02/2023|09/02/2023
02|2360003540001|213|57|01|0.00|355.83|1768041140001|SERVICIO DE RENTAS INTERNAS|57|01|02|635|01|02|355.83|0.00|3255|3255|16/02/2023|16/02/2023
02|2360003540001|213|57|01|355.83|0.00|1768041140001|SERVICIO DE RENTAS INTERNAS|57|01|02|111|03|00|0.00|355.83|3265|3255|17/02/2023|17/02/2023
02|2360003540001|213|57|01|0.00|3.00|1760002600001|BANCO CENTRAL DEL ECUADOR.|57|02|03|635|04|03|3.00|0.00|3369|3369|28/02/2023|28/02/2023
02|2360003540001|213|57|01|3.00|0.00|1760002600001|BANCO CENTRAL DEL ECUADOR.|57|02|03|111|03|00|0.00|3.00|5725|3369|28/02/2023|28/02/2023
02|2360003540001|213|58|01|3620.46|0.00|1760002600001|BANCO CENTRAL DEL ECUADOR.|58|01|01|111|03|00|0.00|3620.46|5724|3299|22/02/2023|22/02/2023
02|2360003540001|213|58|01|0.00|3620.46|1760002600001|BANCO CENTRAL DEL ECUADOR.|58|01|01|636|01|01|3620.46|0.00|3299|3299|28/02/2023|28/02/2023
02|2360003540001|213|73|01|0.00|20211.01|1712211349001|SANDOVAL VEINTIMILLA OMAR VICENTE|73|06|01|152|36|01|20211.01|0.00|3317|3317|28/02/2023|28/02/2023
02|2360003540001|213|73|06|0.00|3.96|1768041140001|SERVICIO DE RENTAS INTERNAS|73|04|05|152|34|05|3.96|0.00|3290|3399|27/02/2023|27/02/2023
02|2360003540001|213|73|06|0.00|204.15|1768041140001|SERVICIO DE RENTAS INTERNAS|73|06|01|152|36|01|204.15|0.00|3317|3399|28/02/2023|28/02/2023
02|2360003540001|213|73|01|0.00|28.50|0802225946|SOLORZANO ZAMBRANO FELIX RAMON|73|03|04|152|33|04|28.50|0.00|3994|3994|28/02/2023|28/02/2023
02|2360003540001|213|73|01|0.00|41610.00|8903990002|BENEMERITO CUERPO DE BOMBEROS VOLUNTARIOS DE CALI|73|06|12|152|36|12|41610.00|0.00|3301|3301|28/02/2023|28/02/2023
02|2360003540001|213|73|01|0.00|6891.39|1715050447001|AGUIRRE CORDOVA JUAN CARLOS|73|07|01|152|37|01|6891.39|0.00|3302|3302|28/02/2023|28/02/2023
02|2360003540001|213|73|01|0.00|144.48|1723864334|COLOMA CORDERO JEFFERSON ALEXANDER|73|03|03|152|33|03|144.48|0.00|3292|3292|28/02/2023|28/02/2023
02|2360003540001|213|73|01|28.50|0.00|0802225946|SOLORZANO ZAMBRANO FELIX RAMON|73|03|04|112|15|00|0.00|28.50|4003|0|28/02/2023|28/02/2023
02|2360003540001|213|73|06|0.00|69.61|1768041140001|SERVICIO DE RENTAS INTERNAS|73|07|01|152|37|01|69.61|0.00|3302|3399|28/02/2023|28/02/2023
02|2360003540001|213|73|01|0.00|391.81|0501448435001|VELASQUEZ CHANGOLUIZA WILSON JAVIER|73|04|05|152|34|05|391.81|0.00|3290|3290|27/02/2023|27/02/2023
02|2360003540001|213|84|01|0.00|7028.01|1715050447001|AGUIRRE CORDOVA JUAN CARLOS|84|01|07|141|01|07|7028.01|0.00|3302|3302|28/02/2023|28/02/2023
02|2360003540001|213|84|06|0.00|70.99|1768041140001|SERVICIO DE RENTAS INTERNAS|84|01|07|141|01|07|70.99|0.00|3302|3399|28/02/2023|28/02/2023
02|2360003540001|213|85|51|3983.47|0.00|1103073894001|QUICHIMBO DIAZ CENELIA DEL CISNE|00|00|00|111|03|00|0.00|3983.47|3245|0|16/02/2023|16/02/2023
02|2360003540001|213|85|71|0.00|5424.15|1103073894001|QUICHIMBO DIAZ CENELIA DEL CISNE|00|00|00|224|85|71|5424.15|0.00|3743|3743|16/02/2023|16/02/2023
02|2360003540001|213|85|71|5424.15|0.00|1103073894001|QUICHIMBO DIAZ CENELIA DEL CISNE|00|00|00|111|03|00|0.00|5424.15|3743|0|16/02/2023|16/02/2023
02|2360003540001|213|85|51|0.00|3983.47|1103073894001|QUICHIMBO DIAZ CENELIA DEL CISNE|00|00|00|224|85|51|3983.47|0.00|3245|3245|16/02/2023|16/02/2023
